
Conformer 1
 
 35 36  0  0  0  0  0  0  0  0999 V2000
   -2.2908   -0.2842    1.1575 C   0  0  0  0  0  0  0  0  0  0  0  0
   -3.5407    0.2971    1.1922 C   0  0  0  0  0  0  0  0  0  0  0  0
   -3.5966    1.6414    0.8255 C   0  0  0  0  0  0  0  0  0  0  0  0
   -2.4355    2.4358    0.4186 C   0  0  0  0  0  0  0  0  0  0  0  0
   -1.1339    1.8810    0.3954 C   0  0  0  0  0  0  0  0  0  0  0  0
   -1.1400    0.4876    0.7777 C   0  0  0  0  0  0  0  0  0  0  0  0
   -0.2017   -0.0689    0.7834 H   0  0  0  0  0  0  0  0  0  0  0  0
   -2.1759   -1.3367    1.4184 H   0  0  0  0  0  0  0  0  0  0  0  0
   -4.5956    2.0908    0.8428 H   0  0  0  0  0  0  0  0  0  0  0  0
    0.3363    2.4526    0.0195 C   0  0  0  0  0  0  0  0  0  0  0  0
    1.7822    1.7547    0.0020 C   0  0  0  0  0  0  0  0  0  0  0  0
    2.9679    2.4866    0.0185 C   0  0  0  0  0  0  0  0  0  0  0  0
    0.3370    3.6314   -0.3315 O   0  0  0  0  0  0  0  0  0  0  0  0
    4.5434    2.2317   -0.0017 C   0  0  0  0  0  0  0  0  0  0  0  0
    5.3560    2.0680    1.1879 C   0  0  0  0  0  0  0  0  0  0  0  0
    6.7683    1.7684    1.1330 C   0  0  0  0  0  0  0  0  0  0  0  0
    7.4822    1.7266   -0.0539 C   0  0  0  0  0  0  0  0  0  0  0  0
    5.2959    2.1173   -1.1899 C   0  0  0  0  0  0  0  0  0  0  0  0
    6.7175    1.8585   -1.2114 C   0  0  0  0  0  0  0  0  0  0  0  0
    4.8062    2.1982   -2.1544 H   0  0  0  0  0  0  0  0  0  0  0  0
    7.2212    1.7430   -2.1707 H   0  0  0  0  0  0  0  0  0  0  0  0
    7.3179    1.5743    2.0563 H   0  0  0  0  0  0  0  0  0  0  0  0
    1.7847    0.6759   -0.0323 H   0  0  0  0  0  0  0  0  0  0  0  0
    2.8212    3.5686    0.0642 H   0  0  0  0  0  0  0  0  0  0  0  0
   -5.0434   -0.5503    1.6594 S   0  0  0  0  0  0  0  0  0  0  0  0
   -2.9416    4.1102   -0.0834 P   0  0  0  0  0  0  0  0  0  0  0  0
    8.8233    1.3155   -0.0737 N   0  0  0  0  0  0  0  0  0  0  0  0
    4.8164    2.0094    2.5000 N   0  0  0  0  0  0  0  0  0  0  0  0
   -4.5981   -1.8064    1.8288 H   0  0  0  0  0  0  0  0  0  0  0  0
    9.3520    1.4852    0.7796 H   0  0  0  0  0  0  0  0  0  0  0  0
    9.3595    1.5641   -0.8991 H   0  0  0  0  0  0  0  0  0  0  0  0
    4.1044    2.7091    2.6670 H   0  0  0  0  0  0  0  0  0  0  0  0
    5.5362    2.0364    3.2212 H   0  0  0  0  0  0  0  0  0  0  0  0
   -4.0672    4.2189    0.7873 H   0  0  0  0  0  0  0  0  0  0  0  0
   -3.8183    3.6795   -1.1166 H   0  0  0  0  0  0  0  0  0  0  0  0
  1  2  1  0  0  0  0
  1  8  1  0  0  0  0
  2  3  2  0  0  0  0
  2 25  1  0  0  0  0
  3  4  1  0  0  0  0
  3  9  1  0  0  0  0
  4  5  2  0  0  0  0
  4 26  1  0  0  0  0
  5  6  1  0  0  0  0
  5 10  1  0  0  0  0
  6  1  2  0  0  0  0
  6  7  1  0  0  0  0
 10 11  1  0  0  0  0
 10 13  2  0  0  0  0
 11 12  2  0  0  0  0
 11 23  1  0  0  0  0
 12 14  1  0  0  0  0
 12 24  1  0  0  0  0
 14 15  2  0  0  0  0
 14 18  1  0  0  0  0
 15 16  1  0  0  0  0
 15 28  1  0  0  0  0
 16 17  2  0  0  0  0
 16 22  1  0  0  0  0
 17 27  1  0  0  0  0
 18 19  2  0  0  0  0
 18 20  1  0  0  0  0
 19 17  1  0  0  0  0
 19 21  1  0  0  0  0
 25 29  1  0  0  0  0
 26 34  1  0  0  0  0
 26 35  1  0  0  0  0
 27 30  1  0  0  0  0
 27 31  1  0  0  0  0
 28 32  1  0  0  0  0
 28 33  1  0  0  0  0
M  END

Conformer 2
 
 35 36  0  0  0  0  0  0  0  0999 V2000
   -2.2686   -0.1742   -1.3952 C   0  0  0  0  0  0  0  0  0  0  0  0
   -3.5222    0.4000   -1.3777 C   0  0  0  0  0  0  0  0  0  0  0  0
   -3.5844    1.7101   -0.9039 C   0  0  0  0  0  0  0  0  0  0  0  0
   -2.4256    2.4780   -0.4429 C   0  0  0  0  0  0  0  0  0  0  0  0
   -1.1280    1.9138   -0.4223 C   0  0  0  0  0  0  0  0  0  0  0  0
   -1.1254    0.5607   -0.9292 C   0  0  0  0  0  0  0  0  0  0  0  0
   -0.1833    0.0137   -0.9869 H   0  0  0  0  0  0  0  0  0  0  0  0
   -2.1444   -1.1918   -1.7669 H   0  0  0  0  0  0  0  0  0  0  0  0
   -4.5821    2.1626   -0.9066 H   0  0  0  0  0  0  0  0  0  0  0  0
    0.3363    2.4526    0.0195 C   0  0  0  0  0  0  0  0  0  0  0  0
    1.7822    1.7547    0.0020 C   0  0  0  0  0  0  0  0  0  0  0  0
    2.9679    2.4866    0.0185 C   0  0  0  0  0  0  0  0  0  0  0  0
    0.3375    3.6135    0.4259 O   0  0  0  0  0  0  0  0  0  0  0  0
    4.5434    2.2317   -0.0017 C   0  0  0  0  0  0  0  0  0  0  0  0
    5.3560    2.0680    1.1879 C   0  0  0  0  0  0  0  0  0  0  0  0
    6.7683    1.7684    1.1330 C   0  0  0  0  0  0  0  0  0  0  0  0
    7.4822    1.7266   -0.0539 C   0  0  0  0  0  0  0  0  0  0  0  0
    5.2959    2.1173   -1.1899 C   0  0  0  0  0  0  0  0  0  0  0  0
    6.7175    1.8585   -1.2114 C   0  0  0  0  0  0  0  0  0  0  0  0
    4.8062    2.1982   -2.1544 H   0  0  0  0  0  0  0  0  0  0  0  0
    7.2212    1.7430   -2.1707 H   0  0  0  0  0  0  0  0  0  0  0  0
    7.3179    1.5743    2.0563 H   0  0  0  0  0  0  0  0  0  0  0  0
    1.7847    0.6759   -0.0323 H   0  0  0  0  0  0  0  0  0  0  0  0
    2.8212    3.5686    0.0642 H   0  0  0  0  0  0  0  0  0  0  0  0
   -5.0202   -0.4126   -1.9162 S   0  0  0  0  0  0  0  0  0  0  0  0
   -2.9081    4.1778   -0.0075 P   0  0  0  0  0  0  0  0  0  0  0  0
    8.8233    1.3155   -0.0737 N   0  0  0  0  0  0  0  0  0  0  0  0
    4.8164    2.0094    2.5000 N   0  0  0  0  0  0  0  0  0  0  0  0
   -4.5377   -1.5755   -2.3847 H   0  0  0  0  0  0  0  0  0  0  0  0
    9.3520    1.4852    0.7796 H   0  0  0  0  0  0  0  0  0  0  0  0
    9.3595    1.5641   -0.8991 H   0  0  0  0  0  0  0  0  0  0  0  0
    4.1044    2.7091    2.6670 H   0  0  0  0  0  0  0  0  0  0  0  0
    5.5362    2.0364    3.2212 H   0  0  0  0  0  0  0  0  0  0  0  0
   -4.2368    3.8767    0.4177 H   0  0  0  0  0  0  0  0  0  0  0  0
   -3.4231    4.5026   -1.2923 H   0  0  0  0  0  0  0  0  0  0  0  0
  1  2  1  0  0  0  0
  1  8  1  0  0  0  0
  2  3  2  0  0  0  0
  2 25  1  0  0  0  0
  3  4  1  0  0  0  0
  3  9  1  0  0  0  0
  4  5  2  0  0  0  0
  4 26  1  0  0  0  0
  5  6  1  0  0  0  0
  5 10  1  0  0  0  0
  6  1  2  0  0  0  0
  6  7  1  0  0  0  0
 10 11  1  0  0  0  0
 10 13  2  0  0  0  0
 11 12  2  0  0  0  0
 11 23  1  0  0  0  0
 12 14  1  0  0  0  0
 12 24  1  0  0  0  0
 14 15  2  0  0  0  0
 14 18  1  0  0  0  0
 15 16  1  0  0  0  0
 15 28  1  0  0  0  0
 16 17  2  0  0  0  0
 16 22  1  0  0  0  0
 17 27  1  0  0  0  0
 18 19  2  0  0  0  0
 18 20  1  0  0  0  0
 19 17  1  0  0  0  0
 19 21  1  0  0  0  0
 25 29  1  0  0  0  0
 26 34  1  0  0  0  0
 26 35  1  0  0  0  0
 27 30  1  0  0  0  0
 27 31  1  0  0  0  0
 28 32  1  0  0  0  0
 28 33  1  0  0  0  0
M  END

Conformer 3
 
 35 36  0  0  0  0  0  0  0  0999 V2000
    0.7265    6.3335    0.7071 C   0  0  0  0  0  0  0  0  0  0  0  0
   -0.4640    6.8097    1.2147 C   0  0  0  0  0  0  0  0  0  0  0  0
   -1.4776    5.8654    1.3754 C   0  0  0  0  0  0  0  0  0  0  0  0
   -1.3434    4.4449    1.0451 C   0  0  0  0  0  0  0  0  0  0  0  0
   -0.1462    3.9248    0.4986 C   0  0  0  0  0  0  0  0  0  0  0  0
    0.8668    4.9460    0.3617 C   0  0  0  0  0  0  0  0  0  0  0  0
    1.8483    4.6758   -0.0303 H   0  0  0  0  0  0  0  0  0  0  0  0
    1.5669    7.0145    0.5688 H   0  0  0  0  0  0  0  0  0  0  0  0
   -2.4149    6.2502    1.7920 H   0  0  0  0  0  0  0  0  0  0  0  0
    0.3363    2.4526    0.0195 C   0  0  0  0  0  0  0  0  0  0  0  0
    1.7822    1.7547    0.0020 C   0  0  0  0  0  0  0  0  0  0  0  0
    2.9679    2.4866    0.0185 C   0  0  0  0  0  0  0  0  0  0  0  0
   -0.5777    1.7378   -0.3886 O   0  0  0  0  0  0  0  0  0  0  0  0
    4.5434    2.2317   -0.0017 C   0  0  0  0  0  0  0  0  0  0  0  0
    5.5075    3.1446   -0.5843 C   0  0  0  0  0  0  0  0  0  0  0  0
    6.9329    2.9174   -0.5235 C   0  0  0  0  0  0  0  0  0  0  0  0
    7.4878    1.7575   -0.0068 C   0  0  0  0  0  0  0  0  0  0  0  0
    5.1532    1.0956    0.5714 C   0  0  0  0  0  0  0  0  0  0  0  0
    6.5815    0.8760    0.5793 C   0  0  0  0  0  0  0  0  0  0  0  0
    4.5470    0.3412    1.0614 H   0  0  0  0  0  0  0  0  0  0  0  0
    6.9797   -0.0072    1.0780 H   0  0  0  0  0  0  0  0  0  0  0  0
    7.6198    3.6751   -0.9059 H   0  0  0  0  0  0  0  0  0  0  0  0
    1.7847    0.6759   -0.0323 H   0  0  0  0  0  0  0  0  0  0  0  0
    2.8212    3.5686    0.0642 H   0  0  0  0  0  0  0  0  0  0  0  0
   -0.7674    8.5115    1.6686 S   0  0  0  0  0  0  0  0  0  0  0  0
   -2.8498    3.5305    1.4992 P   0  0  0  0  0  0  0  0  0  0  0  0
    8.8767    1.6279    0.1426 N   0  0  0  0  0  0  0  0  0  0  0  0
    5.1600    4.4190   -1.1055 N   0  0  0  0  0  0  0  0  0  0  0  0
    0.4441    9.0583    1.4737 H   0  0  0  0  0  0  0  0  0  0  0  0
    9.4450    2.1624   -0.5114 H   0  0  0  0  0  0  0  0  0  0  0  0
    9.2320    0.6841    0.2591 H   0  0  0  0  0  0  0  0  0  0  0  0
    4.3223    4.3997   -1.6732 H   0  0  0  0  0  0  0  0  0  0  0  0
    5.9316    4.8628   -1.6019 H   0  0  0  0  0  0  0  0  0  0  0  0
   -3.7710    4.6007    1.2909 H   0  0  0  0  0  0  0  0  0  0  0  0
   -2.8040    3.8759    2.8777 H   0  0  0  0  0  0  0  0  0  0  0  0
  1  2  1  0  0  0  0
  1  8  1  0  0  0  0
  2  3  2  0  0  0  0
  2 25  1  0  0  0  0
  3  4  1  0  0  0  0
  3  9  1  0  0  0  0
  4  5  2  0  0  0  0
  4 26  1  0  0  0  0
  5  6  1  0  0  0  0
  5 10  1  0  0  0  0
  6  1  2  0  0  0  0
  6  7  1  0  0  0  0
 10 11  1  0  0  0  0
 10 13  2  0  0  0  0
 11 12  2  0  0  0  0
 11 23  1  0  0  0  0
 12 14  1  0  0  0  0
 12 24  1  0  0  0  0
 14 15  2  0  0  0  0
 14 18  1  0  0  0  0
 15 16  1  0  0  0  0
 15 28  1  0  0  0  0
 16 17  2  0  0  0  0
 16 22  1  0  0  0  0
 17 27  1  0  0  0  0
 18 19  2  0  0  0  0
 18 20  1  0  0  0  0
 19 17  1  0  0  0  0
 19 21  1  0  0  0  0
 25 29  1  0  0  0  0
 26 34  1  0  0  0  0
 26 35  1  0  0  0  0
 27 30  1  0  0  0  0
 27 31  1  0  0  0  0
 28 32  1  0  0  0  0
 28 33  1  0  0  0  0
M  END
